df.head():
                Age        BUN  Creatinine        GCS  Gender     Glucose       HCO3        HCT         HR  Height  ICUType     K        Mg  NIDiasABP      NIMAP    NISysABP          Na   Platelets   RespRate       Temp  TroponinT       Urine        WBC  Weight    ALP   ALT    AST  Albumin  Bilirubin   FiO2  MechVent      PaCO2        PaO2     pH    DiasABP        MAP       SaO2      SysABP   Lactate  Cholesterol  TroponinI  Survival
Time RecordID                                                                                                                                                                                                                                                                                                                                                                                                                                        
0    132539    54.0  10.500000    0.750000  14.923077     0.0  160.000000  27.000000  32.500000  70.810811   170.2      4.0  4.20  1.700000  50.147059  71.559118  114.382353  136.500000  203.000000  17.428571  37.357143   0.133333  170.270270  10.300000    80.7   76.0  31.5   49.0      2.9        0.7  0.525       1.0  39.666667  138.500000  7.385  58.000000  78.000000  97.200000  116.000000  1.940000        151.0      2.225        -1
     132540    76.0  18.333333    1.100000  13.333333     1.0  125.500000  22.333333  28.655556  80.794118   175.3      2.0  3.90  2.300000  56.714286  75.308571  112.500000  137.000000  178.600000  19.000000  36.939130   0.133333  151.560976  11.266667    76.0   76.0  31.5   49.0      2.9        0.7  0.560       1.0  38.857143  210.142857  7.395  58.897059  76.940299  96.833333  113.411765  1.940000        151.0      2.225        -1
     132541    44.0   4.666667    0.333333   5.923077     0.0  134.333333  25.000000  28.460000  83.759259   170.2      3.0  4.26  1.720000  79.000000  96.751316  132.263158  138.333333   89.666667  19.000000  37.800000   0.133333  124.951220   4.700000    56.7  116.0  83.0  199.5      2.5        2.9  0.500       1.0  35.500000  134.500000  7.495  67.125000  90.437500  95.000000  125.687500  1.366667        151.0      2.225        -1
     132543    68.0  17.666667    0.766667  14.944444     1.0  117.333333  27.666667  37.442857  70.983333   180.3      3.0  4.00  2.033333  65.051724  83.885517  121.551724  139.333333  330.000000  15.457627  36.223077   0.133333  545.833333   9.400000    84.6  105.0  12.0   15.0      4.4        0.2  0.525       1.0  39.666667  138.500000  7.385  58.000000  78.000000  97.200000  116.000000  1.940000        151.0      2.225       575
     132545    88.0  35.000000    1.000000  15.000000     0.0  102.500000  19.000000  29.550000  74.958333   170.2      3.0  4.32  1.550000  45.720930  74.946512  133.395349  139.500000  103.000000  19.166667  36.880000   0.133333   62.131579   4.300000    80.7   76.0  31.5   49.0      3.3        0.7  0.525       1.0  39.666667  138.500000  7.385  58.000000  78.000000  97.200000  116.000000  1.940000        151.0      2.225       918

columns:
Age
BUN
Creatinine
GCS
Gender
Glucose
HCO3
HCT
HR
Height
ICUType
K
Mg
NIDiasABP
NIMAP
NISysABP
Na
Platelets
RespRate
Temp
TroponinT
Urine
WBC
Weight
ALP
ALT
AST
Albumin
Bilirubin
FiO2
MechVent
PaCO2
PaO2
pH
DiasABP
MAP
SaO2
SysABP
Lactate
Cholesterol
TroponinI
Survival
